P2: 553.144531 0.000000 383.442257 0.000000 0.000000 552.951477 348.178354 0.000000 0.000000 0.000000 1.000000 0.1 
R0_rect: 1.00000000 0.00000000 0.00000000 0.00000000 1.00000000 0.00000000 0.00000000 0.00000000 1.00000000
Tr_velo_to_cam: 0.761719 0.624656 0.172013 -0.903476 -0.644376 0.702702 0.301644 -2.35402 0.0675498 -0.340609 0.937775 -0.67142
