P2: 653.144531 0.000000 405.442257 0.000000 0.000000 652.951477 280.178354 2.163791000000e-00 0.000000 0.000000 1.000000 1.745884000000e-02 
R0_rect: 1.00000000 0.00000000 0.00000000 0.00000000 1.00000000 0.00000000 0.00000000 0.00000000 1.00000000
Tr_velo_to_cam: 3.533745000000e-03 -9.999714000000e-01 -6.166020000000e-04 -4.069766000000e-03 1.480249000000e-02 7.280733000000e-04 -9.998902000000e-01 -7.631618000000e-02 9.998621000000e-01 7.523790000000e-03 1.480755000000e-02 -1.717806000000e-01
