R0_rect: 9.999239000000e-01 9.837760000000e-03 -7.445048000000e-03 -9.869795000000e-03 9.999421000000e-01 -4.278459000000e-03 7.402527000000e-03 4.351614000000e-03 9.999631000000e-01
camera: 1.55203621e+03 0.00000000e+00 1.02177266e+03 0.00000000e+00 0.00000000e+00 1.54439326e+03 1.01603673e+03 0.00000000e+00 0.00000000e+00 0.00000000e+00 1.00000000e+00 0.00000000e+00
Tr_velo_to_cam: 0.0123891  -0.99965024  0.02336446 -0.04671748 -0.07060561 -0.0241825  -0.99721114 -0.53603972 0.99742737  0.01070489 -0.07088052 -0.6436466
